{
  "accessors": [
    {
      "bufferView": 2,
      "componentType": 5126,
      "count": 65532,
      "max": [
        0.2962258756160736,
        1.1247016191482544,
        1.707794427871704
      ],
      "min": [
        -0.7503726482391357,
        -0.26846155524253845,
        0.3442128300666809
      ],
      "type": "VEC3"
    },
    {
      "bufferView": 2,
      "byteOffset": 786384,
      "componentType": 5126,
      "count": 65532,
      "max": [
        0.9624094367027283,
        0.9999998211860657,
        0.9999653100967407
      ],
      "min": [
        -0.9999966025352478,
        -0.9999983310699463,
        -0.9679629802703857
      ],
      "type": "VEC3"
    },
    {
      "bufferView": 3,
      "componentType": 5126,
      "count": 65532,
      "max": [
        0.9529411792755127,
        0.9529411792755127,
        0.9333333373069763,
        1.0
      ],
      "min": [
        0.05098039284348488,
        0.07058823853731155,
        0.01568627543747425,
        1.0
      ],
      "type": "VEC4"
    },
    {
      "bufferView": 1,
      "componentType": 5126,
      "count": 65532,
      "max": [
        0.909325361251831,
        0.9773856401443481
      ],
      "min": [
        0.0342223197221756,
        0.0041187480092048645
      ],
      "type": "VEC2"
    },
    {
      "bufferView": 0,
      "componentType": 5125,
      "count": 357699,
      "type": "SCALAR"
    },
    {
      "bufferView": 2,
      "byteOffset": 1572768,
      "componentType": 5126,
      "count": 65532,
      "max": [
        0.6519604921340942,
        1.120410680770874,
        1.6028844118118286
      ],
      "min": [
        -0.7618717551231384,
        -0.30179980397224426,
        0.3441425561904907
      ],
      "type": "VEC3"
    },
    {
      "bufferView": 2,
      "byteOffset": 2359152,
      "componentType": 5126,
      "count": 65532,
      "max": [
        0.9999858736991882,
        0.9999963641166687,
        0.9999662637710571
      ],
      "min": [
        -0.9999746084213257,
        -0.9941562414169312,
        -0.9957554340362549
      ],
      "type": "VEC3"
    },
    {
      "bufferView": 3,
      "byteOffset": 1048512,
      "componentType": 5126,
      "count": 65532,
      "max": [
        0.9450980424880981,
        0.929411768913269,
        0.8627451062202454,
        1.0
      ],
      "min": [
        0.0470588244497776,
        0.05098039284348488,
        0.0117647061124444,
        1.0
      ],
      "type": "VEC4"
    },
    {
      "bufferView": 1,
      "byteOffset": 524256,
      "componentType": 5126,
      "count": 65532,
      "max": [
        0.81806880235672,
        0.9682546854019165
      ],
      "min": [
        0.06547006219625473,
        0.026726270094513893
      ],
      "type": "VEC2"
    },
    {
      "bufferView": 0,
      "byteOffset": 1430796,
      "componentType": 5125,
      "count": 357810,
      "type": "SCALAR"
    },
    {
      "bufferView": 2,
      "byteOffset": 3145536,
      "componentType": 5126,
      "count": 65534,
      "max": [
        0.6714813113212585,
        1.1193668842315674,
        2.070059299468994
      ],
      "min": [
        -0.759988009929657,
        -1.1440776586532593,
        0.34433186054229736
      ],
      "type": "VEC3"
    },
    {
      "bufferView": 2,
      "byteOffset": 3931944,
      "componentType": 5126,
      "count": 65534,
      "max": [
        0.9999662041664124,
        0.999986469745636,
        0.9999902248382568
      ],
      "min": [
        -0.9999991059303284,
        -0.9999710917472839,
        -0.9876253008842468
      ],
      "type": "VEC3"
    },
    {
      "bufferView": 3,
      "byteOffset": 2097024,
      "componentType": 5126,
      "count": 65534,
      "max": [
        0.9098039269447327,
        0.9137254953384399,
        0.8352941274642944,
        1.0
      ],
      "min": [
        0.03529411926865578,
        0.03921568766236305,
        0.01568627543747425,
        1.0
      ],
      "type": "VEC4"
    },
    {
      "bufferView": 1,
      "byteOffset": 1048512,
      "componentType": 5126,
      "count": 65534,
      "max": [
        0.9067897796630859,
        0.9556265473365784
      ],
      "min": [
        0.048255786299705505,
        0.001695566694252193
      ],
      "type": "VEC2"
    },
    {
      "bufferView": 0,
      "byteOffset": 2862036,
      "componentType": 5125,
      "count": 336792,
      "type": "SCALAR"
    },
    {
      "bufferView": 2,
      "byteOffset": 4718352,
      "componentType": 5126,
      "count": 65532,
      "max": [
        0.695365309715271,
        0.836695671081543,
        1.9653257131576538
      ],
      "min": [
        -0.7257035374641418,
        -1.1440203189849854,
        0.34998512268066406
      ],
      "type": "VEC3"
    },
    {
      "bufferView": 2,
      "byteOffset": 5504736,
      "componentType": 5126,
      "count": 65532,
      "max": [
        0.999997615814209,
        0.9999948740005493,
        0.9999912977218628
      ],
      "min": [
        -0.9999969005584717,
        -0.9999909996986389,
        -0.9985103011131287
      ],
      "type": "VEC3"
    },
    {
      "bufferView": 3,
      "byteOffset": 3145568,
      "componentType": 5126,
      "count": 65532,
      "max": [
        0.9333333373069763,
        0.9254902005195618,
        0.9137254953384399,
        1.0
      ],
      "min": [
        0.007843137718737125,
        0.019607843831181526,
        0.007843137718737125,
        1.0
      ],
      "type": "VEC4"
    },
    {
      "bufferView": 1,
      "byteOffset": 1572784,
      "componentType": 5126,
      "count": 65532,
      "max": [
        0.9060644507408142,
        0.6505299210548401
      ],
      "min": [
        0.04407806321978569,
        0.0016072636935859919
      ],
      "type": "VEC2"
    },
    {
      "bufferView": 0,
      "byteOffset": 4209204,
      "componentType": 5125,
      "count": 356742,
      "type": "SCALAR"
    },
    {
      "bufferView": 2,
      "byteOffset": 6291120,
      "componentType": 5126,
      "count": 65532,
      "max": [
        0.693617582321167,
        0.39933183789253235,
        2.5898237228393555
      ],
      "min": [
        -0.5763126015663147,
        -1.1433758735656738,
        0.3506616950035095
      ],
      "type": "VEC3"
    },
    {
      "bufferView": 2,
      "byteOffset": 7077504,
      "componentType": 5126,
      "count": 65532,
      "max": [
        0.999997615814209,
        0.9985639452934265,
        0.9999918341636658
      ],
      "min": [
        -0.9999962449073792,
        -0.9999733567237854,
        -0.9980960488319397
      ],
      "type": "VEC3"
    },
    {
      "bufferView": 3,
      "byteOffset": 4194080,
      "componentType": 5126,
      "count": 65532,
      "max": [
        0.9215686321258545,
        0.9254902005195618,
        0.8901960849761963,
        1.0
      ],
      "min": [
        0.007843137718737125,
        0.01568627543747425,
        0.003921568859368563,
        1.0
      ],
      "type": "VEC4"
    },
    {
      "bufferView": 1,
      "byteOffset": 2097040,
      "componentType": 5126,
      "count": 65532,
      "max": [
        0.9962327480316162,
        0.6433472037315369
      ],
      "min": [
        0.14896775782108307,
        0.020007390528917313
      ],
      "type": "VEC2"
    },
    {
      "bufferView": 0,
      "byteOffset": 5636172,
      "componentType": 5125,
      "count": 335535,
      "type": "SCALAR"
    },
    {
      "bufferView": 2,
      "byteOffset": 7863888,
      "componentType": 5126,
      "count": 65532,
      "max": [
        0.6245399117469788,
        1.024740219116211,
        2.0714800357818604
      ],
      "min": [
        -0.25741106271743774,
        -0.8480098247528076,
        0.5328497886657715
      ],
      "type": "VEC3"
    },
    {
      "bufferView": 2,
      "byteOffset": 8650272,
      "componentType": 5126,
      "count": 65532,
      "max": [
        0.9999994039535522,
        0.9995442032814026,
        0.9987626671791077
      ],
      "min": [
        -0.9999377727508545,
        -0.9999510049819946,
        -0.9889954924583435
      ],
      "type": "VEC3"
    },
    {
      "bufferView": 3,
      "byteOffset": 5242592,
      "componentType": 5126,
      "count": 65532,
      "max": [
        0.95686274766922,
        0.9450980424880981,
        0.8666666746139526,
        1.0
      ],
      "min": [
        0.07450980693101883,
        0.0941176488995552,
        0.0313725508749485,
        1.0
      ],
      "type": "VEC4"
    },
    {
      "bufferView": 1,
      "byteOffset": 2621296,
      "componentType": 5126,
      "count": 65532,
      "max": [
        0.9109410047531128,
        0.9313629865646362
      ],
      "min": [
        0.11546671390533447,
        0.09446101635694504
      ],
      "type": "VEC2"
    },
    {
      "bufferView": 0,
      "byteOffset": 6978312,
      "componentType": 5125,
      "count": 318714,
      "type": "SCALAR"
    },
    {
      "bufferView": 2,
      "byteOffset": 9436656,
      "componentType": 5126,
      "count": 65532,
      "max": [
        0.61516934633255,
        0.6829958558082581,
        2.1933445930480957
      ],
      "min": [
        -0.2454918771982193,
        -0.8026371598243713,
        0.5416048169136047
      ],
      "type": "VEC3"
    },
    {
      "bufferView": 2,
      "byteOffset": 10223040,
      "componentType": 5126,
      "count": 65532,
      "max": [
        0.999986469745636,
        0.9644062519073486,
        0.9987358450889587
      ],
      "min": [
        -0.9588645696640015,
        -0.9999972581863403,
        -0.9960100054740906
      ],
      "type": "VEC3"
    },
    {
      "bufferView": 3,
      "byteOffset": 6291104,
      "componentType": 5126,
      "count": 65532,
      "max": [
        0.9098039269447327,
        0.9098039269447327,
        0.8627451062202454,
        1.0
      ],
      "min": [
        0.09019608050584793,
        0.0784313753247261,
        0.05098039284348488,
        1.0
      ],
      "type": "VEC4"
    },
    {
      "bufferView": 1,
      "byteOffset": 3145552,
      "componentType": 5126,
      "count": 65532,
      "max": [
        0.8950860500335693,
        0.9643800258636475
      ],
      "min": [
        0.08988112211227417,
        0.12661758065223694
      ],
      "type": "VEC2"
    },
    {
      "bufferView": 0,
      "byteOffset": 8253168,
      "componentType": 5125,
      "count": 326661,
      "type": "SCALAR"
    },
    {
      "bufferView": 2,
      "byteOffset": 11009424,
      "componentType": 5126,
      "count": 65532,
      "max": [
        0.6528205275535583,
        0.5876473784446716,
        2.8679275512695313
      ],
      "min": [
        -0.4685434401035309,
        -0.8860917687416077,
        0.43239524960517883
      ],
      "type": "VEC3"
    },
    {
      "bufferView": 2,
      "byteOffset": 11795808,
      "componentType": 5126,
      "count": 65532,
      "max": [
        0.9999994039535522,
        0.9997994303703308,
        0.9994432330131531
      ],
      "min": [
        -0.9902007579803467,
        -0.9999972581863403,
        -0.9935353398323059
      ],
      "type": "VEC3"
    },
    {
      "bufferView": 3,
      "byteOffset": 7339616,
      "componentType": 5126,
      "count": 65532,
      "max": [
        0.9764705896377563,
        0.9450980424880981,
        0.8705882430076599,
        1.0
      ],
      "min": [
        0.06666667014360428,
        0.07450980693101883,
        0.03921568766236305,
        1.0
      ],
      "type": "VEC4"
    },
    {
      "bufferView": 1,
      "byteOffset": 3669808,
      "componentType": 5126,
      "count": 65532,
      "max": [
        0.9127505421638489,
        0.9694740176200867
      ],
      "min": [
        0.1247759610414505,
        0.026157569140195847
      ],
      "type": "VEC2"
    },
    {
      "bufferView": 0,
      "byteOffset": 9559812,
      "componentType": 5125,
      "count": 325146,
      "type": "SCALAR"
    },
    {
      "bufferView": 2,
      "byteOffset": 12582192,
      "componentType": 5126,
      "count": 65532,
      "max": [
        0.5185546278953552,
        0.8176685571670532,
        2.953996419906616
      ],
      "min": [
        -0.223840594291687,
        0.028148194774985313,
        1.5648492574691772
      ],
      "type": "VEC3"
    },
    {
      "bufferView": 2,
      "byteOffset": 13368576,
      "componentType": 5126,
      "count": 65532,
      "max": [
        0.9999820590019226,
        0.9999849200248718,
        0.9999565482139587
      ],
      "min": [
        -0.9999428987503052,
        -0.9980957508087158,
        -0.9907795190811157
      ],
      "type": "VEC3"
    },
    {
      "bufferView": 3,
      "byteOffset": 8388128,
      "componentType": 5126,
      "count": 65532,
      "max": [
        0.9960784316062927,
        0.9921568632125854,
        0.9411764740943909,
        1.0
      ],
      "min": [
        0.09019608050584793,
        0.09019608050584793,
        0.0313725508749485,
        1.0
      ],
      "type": "VEC4"
    },
    {
      "bufferView": 1,
      "byteOffset": 4194064,
      "componentType": 5126,
      "count": 65532,
      "max": [
        0.7465606927871704,
        0.9868918061256409
      ],
      "min": [
        0.13142219185829163,
        0.16430431604385376
      ],
      "type": "VEC2"
    },
    {
      "bufferView": 0,
      "byteOffset": 10860396,
      "componentType": 5125,
      "count": 353094,
      "type": "SCALAR"
    },
    {
      "bufferView": 2,
      "byteOffset": 14154960,
      "componentType": 5126,
      "count": 65532,
      "max": [
        0.511142909526825,
        0.5468940734863281,
        2.953996419906616
      ],
      "min": [
        -0.2004517912864685,
        -0.5911200046539307,
        1.829569935798645
      ],
      "type": "VEC3"
    },
    {
      "bufferView": 2,
      "byteOffset": 14941344,
      "componentType": 5126,
      "count": 65532,
      "max": [
        0.9996612071990967,
        0.9971924424171448,
        0.9999918341636658
      ],
      "min": [
        -0.9998568296432495,
        -0.9999951720237732,
        -0.9940912127494812
      ],
      "type": "VEC3"
    },
    {
      "bufferView": 3,
      "byteOffset": 9436640,
      "componentType": 5126,
      "count": 65532,
      "max": [
        0.95686274766922,
        0.9490196108818054,
        0.9137254953384399,
        1.0
      ],
      "min": [
        0.054901961237192154,
        0.05882352963089943,
        0.0470588244497776,
        1.0
      ],
      "type": "VEC4"
    },
    {
      "bufferView": 1,
      "byteOffset": 4718320,
      "componentType": 5126,
      "count": 65532,
      "max": [
        0.7622811794281006,
        0.9386992454528809
      ],
      "min": [
        0.1320367455482483,
        0.05632241815328598
      ],
      "type": "VEC2"
    },
    {
      "bufferView": 0,
      "byteOffset": 12272772,
      "componentType": 5125,
      "count": 314619,
      "type": "SCALAR"
    },
    {
      "bufferView": 2,
      "byteOffset": 15727728,
      "componentType": 5126,
      "count": 65532,
      "max": [
        0.5878892540931702,
        1.0328787565231323,
        2.455927848815918
      ],
      "min": [
        -0.6230678558349609,
        -0.5885254740715027,
        0.6297786831855774
      ],
      "type": "VEC3"
    },
    {
      "bufferView": 2,
      "byteOffset": 16514112,
      "componentType": 5126,
      "count": 65532,
      "max": [
        0.9999953508377075,
        0.9999463558197021,
        0.9998093843460083
      ],
      "min": [
        -0.9998976588249207,
        -0.9999421834945679,
        -0.9871941804885864
      ],
      "type": "VEC3"
    },
    {
      "bufferView": 3,
      "byteOffset": 10485152,
      "componentType": 5126,
      "count": 65532,
      "max": [
        0.9882352948188782,
        0.9647058844566345,
        0.8901960849761963,
        1.0
      ],
      "min": [
        0.09803921729326248,
        0.0941176488995552,
        0.0117647061124444,
        1.0
      ],
      "type": "VEC4"
    },
    {
      "bufferView": 1,
      "byteOffset": 5242576,
      "componentType": 5126,
      "count": 65532,
      "max": [
        0.9062337279319763,
        0.9843497276306152
      ],
      "min": [
        0.07740788161754608,
        0.06197451800107956
      ],
      "type": "VEC2"
    },
    {
      "bufferView": 0,
      "byteOffset": 13531248,
      "componentType": 5125,
      "count": 340554,
      "type": "SCALAR"
    },
    {
      "bufferView": 2,
      "byteOffset": 17300496,
      "componentType": 5126,
      "count": 65532,
      "max": [
        0.5846168398857117,
        0.8963470458984375,
        2.8044965267181396
      ],
      "min": [
        -0.5431035161018372,
        -0.21276096999645233,
        0.8787591457366943
      ],
      "type": "VEC3"
    },
    {
      "bufferView": 2,
      "byteOffset": 18086880,
      "componentType": 5126,
      "count": 65532,
      "max": [
        0.999984085559845,
        0.999997079372406,
        0.9999621510505676
      ],
      "min": [
        -0.9999428987503052,
        -0.9999799132347107,
        -0.999981164932251
      ],
      "type": "VEC3"
    },
    {
      "bufferView": 3,
      "byteOffset": 11533664,
      "componentType": 5126,
      "count": 65532,
      "max": [
        0.9921568632125854,
        0.9882352948188782,
        0.929411768913269,
        1.0
      ],
      "min": [
        0.054901961237192154,
        0.054901961237192154,
        0.0117647061124444,
        1.0
      ],
      "type": "VEC4"
    },
    {
      "bufferView": 1,
      "byteOffset": 5766832,
      "componentType": 5126,
      "count": 65532,
      "max": [
        0.9067397117614746,
        0.9881262183189392
      ],
      "min": [
        0.03867734223604202,
        0.09838204830884933
      ],
      "type": "VEC2"
    },
    {
      "bufferView": 0,
      "byteOffset": 14893464,
      "componentType": 5125,
      "count": 297468,
      "type": "SCALAR"
    },
    {
      "bufferView": 2,
      "byteOffset": 18873264,
      "componentType": 5126,
      "count": 65532,
      "max": [
        0.6730230450630188,
        1.123429536819458,
        2.8074264526367188
      ],
      "min": [
        -0.6760279536247253,
        -0.8914449214935303,
        0.3519899547100067
      ],
      "type": "VEC3"
    },
    {
      "bufferView": 2,
      "byteOffset": 19659648,
      "componentType": 5126,
      "count": 65532,
      "max": [
        0.9999994039535522,
        0.9998635053634644,
        0.9999635219573975
      ],
      "min": [
        -0.9997869729995728,
        -0.9994797706604004,
        -0.9969524145126343
      ],
      "type": "VEC3"
    },
    {
      "bufferView": 3,
      "byteOffset": 12582176,
      "componentType": 5126,
      "count": 65532,
      "max": [
        0.95686274766922,
        0.9647058844566345,
        0.9254902005195618,
        1.0
      ],
      "min": [
        0.0470588244497776,
        0.05098039284348488,
        0.01568627543747425,
        1.0
      ],
      "type": "VEC4"
    },
    {
      "bufferView": 1,
      "byteOffset": 6291088,
      "componentType": 5126,
      "count": 65532,
      "max": [
        0.9167429208755493,
        0.965175211429596
      ],
      "min": [
        0.07614746689796448,
        0.0580691322684288
      ],
      "type": "VEC2"
    },
    {
      "bufferView": 0,
      "byteOffset": 16083336,
      "componentType": 5125,
      "count": 280860,
      "type": "SCALAR"
    },
    {
      "bufferView": 2,
      "byteOffset": 20446032,
      "componentType": 5126,
      "count": 65532,
      "max": [
        0.6638845205307007,
        0.7661043405532837,
        2.0645902156829834
      ],
      "min": [
        -0.6676084995269775,
        -0.7171896696090698,
        0.3476419150829315
      ],
      "type": "VEC3"
    },
    {
      "bufferView": 2,
      "byteOffset": 21232416,
      "componentType": 5126,
      "count": 65532,
      "max": [
        0.9999998807907104,
        0.9996299743652344,
        0.9975324273109436
      ],
      "min": [
        -0.9999913573265076,
        -0.9999151825904846,
        -0.9926179051399231
      ],
      "type": "VEC3"
    },
    {
      "bufferView": 3,
      "byteOffset": 13630688,
      "componentType": 5126,
      "count": 65532,
      "max": [
        0.8941176533699036,
        0.886274516582489,
        0.8784313797950745,
        1.0
      ],
      "min": [
        0.05098039284348488,
        0.07058823853731155,
        0.03921568766236305,
        1.0
      ],
      "type": "VEC4"
    },
    {
      "bufferView": 1,
      "byteOffset": 6815344,
      "componentType": 5126,
      "count": 65532,
      "max": [
        0.8261871337890625,
        0.9680875539779663
      ],
      "min": [
        0.03998757153749466,
        0.09754745662212372
      ],
      "type": "VEC2"
    },
    {
      "bufferView": 0,
      "byteOffset": 17206776,
      "componentType": 5125,
      "count": 295110,
      "type": "SCALAR"
    },
    {
      "bufferView": 2,
      "byteOffset": 22018800,
      "componentType": 5126,
      "count": 15632,
      "max": [
        0.6714813113212585,
        0.6940956711769104,
        1.7761555910110474
      ],
      "min": [
        -0.147850900888443,
        -0.8225456476211548,
        0.34821900725364685
      ],
      "type": "VEC3"
    },
    {
      "bufferView": 2,
      "byteOffset": 22206384,
      "componentType": 5126,
      "count": 15632,
      "max": [
        0.9999924302101135,
        0.9972737431526184,
        0.9991244077682495
      ],
      "min": [
        -0.9385433197021484,
        -0.9998906850814819,
        -0.9841191172599792
      ],
      "type": "VEC3"
    },
    {
      "bufferView": 3,
      "byteOffset": 14679200,
      "componentType": 5126,
      "count": 15632,
      "max": [
        0.8470588326454163,
        0.8470588326454163,
        0.6705882549285889,
        1.0
      ],
      "min": [
        0.07450980693101883,
        0.0941176488995552,
        0.03529411926865578,
        1.0
      ],
      "type": "VEC4"
    },
    {
      "bufferView": 1,
      "byteOffset": 7339600,
      "componentType": 5126,
      "count": 15632,
      "max": [
        0.8710240125656128,
        0.6321194171905518
      ],
      "min": [
        0.17760048806667328,
        0.037519000470638275
      ],
      "type": "VEC2"
    },
    {
      "bufferView": 0,
      "byteOffset": 18387216,
      "componentType": 5125,
      "count": 51021,
      "type": "SCALAR"
    }
  ],
  "asset": {
    "extras": {
      "author": "TerraPictures (https://sketchfab.com/TerraPictures)",
      "license": "SKETCHFAB Standard (https://sketchfab.com/licenses)",
      "source": "https://sketchfab.com/3d-models/five-hundred-arhats-48a0d39d43a04bcda072bf4e9b84dfe4",
      "title": "川越大師喜多院の五百羅漢　Five hundred Arhats"
    },
    "generator": "Sketchfab-15.50.0",
    "version": "2.0"
  },
  "bufferViews": [
    {
      "buffer": 0,
      "byteLength": 18591300,
      "name": "floatBufferViews",
      "target": 34963
    },
    {
      "buffer": 0,
      "byteLength": 7464656,
      "byteOffset": 18591300,
      "byteStride": 8,
      "name": "floatBufferViews",
      "target": 34962
    },
    {
      "buffer": 0,
      "byteLength": 22393968,
      "byteOffset": 26055956,
      "byteStride": 12,
      "name": "floatBufferViews",
      "target": 34962
    },
    {
      "buffer": 0,
      "byteLength": 14929312,
      "byteOffset": 48449924,
      "byteStride": 16,
      "name": "floatBufferViews",
      "target": 34962
    }
  ],
  "buffers": [
    {
      "byteLength": 63379236,
      "uri": "scene.bin"
    }
  ],
  "images": [
    {
      "uri": "textures/material0_baseColor.jpeg"
    }
  ],
  "materials": [
    {
      "doubleSided": true,
      "name": "material0",
      "pbrMetallicRoughness": {
        "baseColorTexture": {
          "index": 0
        },
        "metallicFactor": 0.0,
        "roughnessFactor": 0.9577051494623774
      }
    }
  ],
  "meshes": [
    {
      "name": "Model_material0_0",
      "primitives": [
        {
          "attributes": {
            "COLOR_0": 2,
            "NORMAL": 1,
            "POSITION": 0,
            "TEXCOORD_0": 3
          },
          "indices": 4,
          "material": 0,
          "mode": 4
        }
      ]
    },
    {
      "name": "Model_material0_0",
      "primitives": [
        {
          "attributes": {
            "COLOR_0": 7,
            "NORMAL": 6,
            "POSITION": 5,
            "TEXCOORD_0": 8
          },
          "indices": 9,
          "material": 0,
          "mode": 4
        }
      ]
    },
    {
      "name": "Model_material0_0",
      "primitives": [
        {
          "attributes": {
            "COLOR_0": 12,
            "NORMAL": 11,
            "POSITION": 10,
            "TEXCOORD_0": 13
          },
          "indices": 14,
          "material": 0,
          "mode": 4
        }
      ]
    },
    {
      "name": "Model_material0_0",
      "primitives": [
        {
          "attributes": {
            "COLOR_0": 17,
            "NORMAL": 16,
            "POSITION": 15,
            "TEXCOORD_0": 18
          },
          "indices": 19,
          "material": 0,
          "mode": 4
        }
      ]
    },
    {
      "name": "Model_material0_0",
      "primitives": [
        {
          "attributes": {
            "COLOR_0": 22,
            "NORMAL": 21,
            "POSITION": 20,
            "TEXCOORD_0": 23
          },
          "indices": 24,
          "material": 0,
          "mode": 4
        }
      ]
    },
    {
      "name": "Model_material0_0",
      "primitives": [
        {
          "attributes": {
            "COLOR_0": 27,
            "NORMAL": 26,
            "POSITION": 25,
            "TEXCOORD_0": 28
          },
          "indices": 29,
          "material": 0,
          "mode": 4
        }
      ]
    },
    {
      "name": "Model_material0_0",
      "primitives": [
        {
          "attributes": {
            "COLOR_0": 32,
            "NORMAL": 31,
            "POSITION": 30,
            "TEXCOORD_0": 33
          },
          "indices": 34,
          "material": 0,
          "mode": 4
        }
      ]
    },
    {
      "name": "Model_material0_0",
      "primitives": [
        {
          "attributes": {
            "COLOR_0": 37,
            "NORMAL": 36,
            "POSITION": 35,
            "TEXCOORD_0": 38
          },
          "indices": 39,
          "material": 0,
          "mode": 4
        }
      ]
    },
    {
      "name": "Model_material0_0",
      "primitives": [
        {
          "attributes": {
            "COLOR_0": 42,
            "NORMAL": 41,
            "POSITION": 40,
            "TEXCOORD_0": 43
          },
          "indices": 44,
          "material": 0,
          "mode": 4
        }
      ]
    },
    {
      "name": "Model_material0_0",
      "primitives": [
        {
          "attributes": {
            "COLOR_0": 47,
            "NORMAL": 46,
            "POSITION": 45,
            "TEXCOORD_0": 48
          },
          "indices": 49,
          "material": 0,
          "mode": 4
        }
      ]
    },
    {
      "name": "Model_material0_0",
      "primitives": [
        {
          "attributes": {
            "COLOR_0": 52,
            "NORMAL": 51,
            "POSITION": 50,
            "TEXCOORD_0": 53
          },
          "indices": 54,
          "material": 0,
          "mode": 4
        }
      ]
    },
    {
      "name": "Model_material0_0",
      "primitives": [
        {
          "attributes": {
            "COLOR_0": 57,
            "NORMAL": 56,
            "POSITION": 55,
            "TEXCOORD_0": 58
          },
          "indices": 59,
          "material": 0,
          "mode": 4
        }
      ]
    },
    {
      "name": "Model_material0_0",
      "primitives": [
        {
          "attributes": {
            "COLOR_0": 62,
            "NORMAL": 61,
            "POSITION": 60,
            "TEXCOORD_0": 63
          },
          "indices": 64,
          "material": 0,
          "mode": 4
        }
      ]
    },
    {
      "name": "Model_material0_0",
      "primitives": [
        {
          "attributes": {
            "COLOR_0": 67,
            "NORMAL": 66,
            "POSITION": 65,
            "TEXCOORD_0": 68
          },
          "indices": 69,
          "material": 0,
          "mode": 4
        }
      ]
    },
    {
      "name": "Model_material0_0",
      "primitives": [
        {
          "attributes": {
            "COLOR_0": 72,
            "NORMAL": 71,
            "POSITION": 70,
            "TEXCOORD_0": 73
          },
          "indices": 74,
          "material": 0,
          "mode": 4
        }
      ]
    }
  ],
  "nodes": [
    {
      "children": [
        1
      ],
      "matrix": [
        4.440892098500626e-16,
        6.163438417069469e-16,
        -1.0,
        0.0,
        1.0,
        -2.1706561820612844e-15,
        2.2204460492503082e-16,
        0.0,
        -2.1706561820612844e-15,
        -1.0,
        -6.163438417069469e-16,
        0.0,
        0.0,
        0.0,
        0.0,
        1.0
      ],
      "name": "Sketchfab_model"
    },
    {
      "children": [
        2
      ],
      "matrix": [
        1.0,
        0.0,
        0.0,
        0.0,
        0.0,
        -1.0,
        0.0,
        0.0,
        0.0,
        0.0,
        -1.0,
        0.0,
        0.0,
        0.0,
        0.0,
        1.0
      ],
      "name": "062b6f181f7a4e6cb29cf6342047be6e.fbx"
    },
    {
      "children": [
        3,
        19,
        21,
        23,
        25,
        27,
        29,
        31,
        33,
        35,
        37,
        39,
        41,
        43,
        45,
        47,
        49,
        51,
        53,
        55,
        57,
        59,
        61,
        63,
        65,
        67,
        69,
        71,
        73,
        75,
        77,
        79,
        81,
        83,
        85,
        87,
        89,
        91,
        93,
        95,
        97,
        99,
        101,
        103,
        105,
        107,
        109,
        111,
        113,
        115,
        117,
        119,
        121,
        123
      ],
      "name": "RootNode"
    },
    {
      "children": [
        4,
        5,
        6,
        7,
        8,
        9,
        10,
        11,
        12,
        13,
        14,
        15,
        16,
        17,
        18
      ],
      "name": "Model"
    },
    {
      "mesh": 0,
      "name": "Model_material0_0"
    },
    {
      "mesh": 1,
      "name": "Model_material0_0"
    },
    {
      "mesh": 2,
      "name": "Model_material0_0"
    },
    {
      "mesh": 3,
      "name": "Model_material0_0"
    },
    {
      "mesh": 4,
      "name": "Model_material0_0"
    },
    {
      "mesh": 5,
      "name": "Model_material0_0"
    },
    {
      "mesh": 6,
      "name": "Model_material0_0"
    },
    {
      "mesh": 7,
      "name": "Model_material0_0"
    },
    {
      "mesh": 8,
      "name": "Model_material0_0"
    },
    {
      "mesh": 9,
      "name": "Model_material0_0"
    },
    {
      "mesh": 10,
      "name": "Model_material0_0"
    },
    {
      "mesh": 11,
      "name": "Model_material0_0"
    },
    {
      "mesh": 12,
      "name": "Model_material0_0"
    },
    {
      "mesh": 13,
      "name": "Model_material0_0"
    },
    {
      "mesh": 14,
      "name": "Model_material0_0"
    },
    {
      "children": [
        20
      ],
      "matrix": [
        0.9444290552013201,
        -0.0887153342153512,
        -0.31651753374276187,
        0.0,
        0.3150041085129967,
        -0.030941726174366968,
        0.9485858006534161,
        0.0,
        -0.09394770519535882,
        -0.9955763150338647,
        -0.001276570451216097,
        0.0,
        -6.216070175170898,
        0.646435022354126,
        3.1255125999450684,
        1.0
      ],
      "name": "DSC_8964"
    },
    {
      "name": "Object_20"
    },
    {
      "children": [
        22
      ],
      "matrix": [
        0.40190011297567263,
        0.8674040480707709,
        -0.2934050384376205,
        0.0,
        0.11572398086423497,
        0.2697386407239687,
        0.9559545103995901,
        0.0,
        0.9083414883418437,
        -0.41815222478282443,
        0.008028540720365518,
        0.0,
        -2.686924695968628,
        -5.838414669036865,
        4.0794219970703125,
        1.0
      ],
      "name": "DSC_8965"
    },
    {
      "name": "Object_22"
    },
    {
      "children": [
        24
      ],
      "matrix": [
        0.6346066947373474,
        0.723245390355727,
        -0.272379236219891,
        0.0,
        0.15326199266857166,
        0.22766730022700787,
        0.9616019769169591,
        0.0,
        0.757486042510222,
        -0.6519844367287745,
        0.033633163182559045,
        0.0,
        -4.5598063468933105,
        -4.998486518859863,
        4.118881702423096,
        1.0
      ],
      "name": "DSC_8966"
    },
    {
      "name": "Object_24"
    },
    {
      "children": [
        26
      ],
      "matrix": [
        0.807890976017632,
        0.5069185682268156,
        -0.3005756744251823,
        0.0,
        0.23171027151832155,
        0.19572976488433869,
        0.9528904497429005,
        0.0,
        0.54186946854587,
        -0.8394780666135337,
        0.040670071706595756,
        0.0,
        -5.601170539855957,
        -3.2650952339172363,
        4.053966045379639,
        1.0
      ],
      "name": "DSC_8967"
    },
    {
      "name": "Object_26"
    },
    {
      "children": [
        28
      ],
      "matrix": [
        0.9010187577972758,
        0.3070253744275032,
        -0.3064320765766949,
        0.0,
        0.28065843181372463,
        0.1260196483143673,
        0.9514987613710193,
        0.0,
        0.33075072599967914,
        -0.9433209780856009,
        0.027376806868416148,
        0.0,
        -5.491313457489014,
        -1.501113772392273,
        4.080203056335449,
        1.0
      ],
      "name": "DSC_8968"
    },
    {
      "name": "Object_28"
    },
    {
      "children": [
        30
      ],
      "matrix": [
        0.9397148169990777,
        0.04535792955265991,
        -0.33893763576664937,
        0.0,
        0.33842249806760405,
        0.018825861828778656,
        0.9408059309592421,
        0.0,
        0.04905380223868977,
        -0.9987933946282884,
        0.0023407974768950846,
        0.0,
        -5.1098198890686035,
        0.08926167339086533,
        4.042260646820068,
        1.0
      ],
      "name": "DSC_8969"
    },
    {
      "name": "Object_30"
    },
    {
      "children": [
        32
      ],
      "matrix": [
        0.8988808347903327,
        -0.2880696602701877,
        -0.330195571863787,
        0.0,
        0.3199960167263816,
        -0.08326062848120164,
        0.9437532606694213,
        0.0,
        -0.2993589720150107,
        -0.9539829865237294,
        0.017339760591831843,
        0.0,
        -5.206588268280029,
        2.125758647918701,
        4.102429389953613,
        1.0
      ],
      "name": "DSC_8970"
    },
    {
      "name": "Object_32"
    },
    {
      "children": [
        34
      ],
      "matrix": [
        0.7984177045689125,
        -0.509842944130962,
        -0.3202957092294267,
        0.0,
        0.27047546853102744,
        -0.17156110699935034,
        0.9473171630916852,
        0.0,
        -0.5379332578989979,
        -0.8429869268767043,
        0.0009225839473375741,
        0.0,
        -5.28353214263916,
        3.5051262378692627,
        4.167880535125732,
        1.0
      ],
      "name": "DSC_8971"
    },
    {
      "name": "Object_34"
    },
    {
      "children": [
        36
      ],
      "matrix": [
        0.6858814914669782,
        -0.6429922940974027,
        -0.34077483679754406,
        0.0,
        0.2689125733971426,
        -0.21118895604445442,
        0.9397261583641161,
        0.0,
        -0.6762045604193749,
        -0.7361794173815324,
        0.028058116327140392,
        0.0,
        -4.494236469268799,
        4.4622578620910645,
        4.175992488861084,
        1.0
      ],
      "name": "DSC_8972"
    },
    {
      "name": "Object_36"
    },
    {
      "children": [
        38
      ],
      "matrix": [
        0.7345101621395955,
        -0.5822475330817443,
        -0.3485435868494617,
        0.0,
        0.29400768456805604,
        -0.18986506550600968,
        0.9367554314309201,
        0.0,
        -0.6115997900004508,
        -0.7905308767661272,
        0.03172742899736214,
        0.0,
        -4.661279678344727,
        4.183817386627197,
        4.17384147644043,
        1.0
      ],
      "name": "DSC_8973"
    },
    {
      "name": "Object_38"
    },
    {
      "children": [
        40
      ],
      "matrix": [
        0.7339577289179855,
        -0.5828898945296532,
        -0.3486336515839551,
        0.0,
        0.2947020303244635,
        -0.18915976041523086,
        0.9366799337886402,
        0.0,
        -0.6119287258204111,
        -0.7902265218877826,
        0.03294356721646807,
        0.0,
        -4.660928249359131,
        4.184906482696533,
        4.1736040115356445,
        1.0
      ],
      "name": "DSC_8974"
    },
    {
      "name": "Object_40"
    },
    {
      "children": [
        42
      ],
      "matrix": [
        -0.3945430813022812,
        -0.8634428714123943,
        -0.314328116470069,
        0.0,
        -0.10664603227116165,
        -0.2967380112132241,
        0.9489853405095565,
        0.0,
        -0.9126677274875671,
        0.4079374468081353,
        0.024993172954625442,
        0.0,
        3.0230140686035156,
        6.743316650390625,
        4.366653919219971,
        1.0
      ],
      "name": "DSC_8975"
    },
    {
      "name": "Object_42"
    },
    {
      "children": [
        44
      ],
      "matrix": [
        -0.5816968184552573,
        -0.7112318701501108,
        -0.39468726642977403,
        0.0,
        -0.19392342116613742,
        -0.3499746802713277,
        0.9164668187622524,
        0.0,
        -0.7899509593147238,
        0.6096449376905857,
        0.06565464055182768,
        0.0,
        3.159940719604492,
        3.880176305770874,
        4.432051181793213,
        1.0
      ],
      "name": "DSC_8976"
    },
    {
      "name": "Object_44"
    },
    {
      "children": [
        46
      ],
      "matrix": [
        -0.7108335788460374,
        -0.5234308505644263,
        -0.46982525247408313,
        0.0,
        -0.36070116596358265,
        -0.30216864656584397,
        0.8823767777458097,
        0.0,
        -0.6038296879563365,
        0.7966895591822246,
        0.025989502353563787,
        0.0,
        2.7595996856689453,
        2.200967311859131,
        4.336558818817139,
        1.0
      ],
      "name": "DSC_8977"
    },
    {
      "name": "Object_46"
    },
    {
      "children": [
        48
      ],
      "matrix": [
        -0.8441442377217829,
        -0.07642075108860921,
        -0.5306414747493479,
        0.0,
        -0.5247377036779121,
        -0.08506458009155393,
        0.8470031638386478,
        0.0,
        -0.109867412183694,
        0.9934404290227473,
        0.03170592567893038,
        0.0,
        3.0040810108184814,
        0.4912151098251343,
        4.304178237915039,
        1.0
      ],
      "name": "DSC_8978"
    },
    {
      "name": "Object_48"
    },
    {
      "children": [
        50
      ],
      "matrix": [
        -0.7030468906261194,
        0.5570376894208728,
        -0.4420792713367147,
        0.0,
        -0.3567407309991761,
